   5.02768230         3.87500000    
   5.08273029         3.12500000    
   5.13777781         4.12500000    
   5.19282532         4.12500000    
   5.24787331         4.87500000    
   5.30292034         4.62500000    
   5.35796833         5.87500000    
   5.41301632         5.75000000    
   5.46806335         7.50000000    
   5.52311134         7.75000000    
   5.57815838         13.5625000    
   5.63320637         7.68750000    
   5.68825436         5.06250000    
   5.74330139         5.12500000    
   5.79834938         3.68750000    
   5.85339642         4.12500000    
   5.90844440         2.62500000    
   5.96349239         2.75000000    
   6.01853943         2.12500000    
   6.07358742         1.62500000    
