   5.50277805         0.00000000    
   5.50833321         0.00000000    
   5.51388931         0.00000000    
   5.51944447         0.00000000    
   5.52499962         0.00000000    
   5.53055573         0.00000000    
   5.53611088         0.00000000    
   5.54166698         0.00000000    
   5.54722214         0.00000000    
   5.55277824         0.00000000    
   5.55833340         100.000000    
   5.56388855         0.00000000    
   5.56944466         0.00000000    
   5.57499981         0.00000000    
   5.58055592         0.00000000    
   5.58611107         0.00000000    
   5.59166670         0.00000000    
   5.59722233         0.00000000    
   5.60277748         0.00000000    
   5.60833359         0.00000000    
